9
64
65
540
541
542
543
1802
2234
2995
2996
4218
4227
4228
4229
4230
4231
4232
4238
4241
4242
4243
4244
4245
4246
4247
4248
4249
4250
4251
4252
4304
4305
4306
4313
4809
6468
7346
9205
10035
10491
11025
11026
11027
11033
11034
11035
11036
11037
11038
11043
11044
11105
12285
12286
12287
12288
12289
12771
13337
15087
15536
17332
18978
19499
19500
19501
19502
19503
19504
22229
23168
23169
23208
23251
23252
23375
23376
24601
24654
24672
25009
25010
25011
25012
25014
25569
26863
28691
29934
29945
29946
29947
29948
29949
29950
29955
29956
29957
29958
30727
30728
31299
31600
31601
31605
31606
31610
31611
31612
31613
31614
31615
31616
34254
34586
34715
35418
36242
36243
36244
36245
36246
38287
38288
38289
38290
38291
38292
38293
38294
38295
38296
38297
38298
38299
38300
38328
38329
38336
38394
40938
41763
44270
44280
44281
44282
44283
44284
44285
44286
44287
44288
44289
44290
44292
44293
44294
44295
44296
44297
44306
44308
45573
45615
47374
47375
47378
47379
47692
47693
47694
48012
49122
49134
49137
49141
49144
49145
49146
49147
49148
49150
49151
49155
49160
49547
51684
51965
54130
54131
54132
54133
54140
54141
54149
54862
55873
58009
58010
58011
58015
58016
58017
58018
58019
58020
58021
58022
58024
58025
58026
58028
58029
58150
58151
58152
58153
58154
58155
58156
60882
60956
61234
62956
62966
62969
62970
62971
62972
62973
63019
63023
63024
63025
63026
63027
63040
63041
63044
63046
63047
63048
63049
65429
66732
67014
67102
67117
67121
67122
67123
67124
67125
67126
67127
67128
67136
68659
69278
69493
70158
71147
72133
72134
73993
73994
73995
75700
75767
76103
77108
77128
77134
77135
77136
77137
77138
77139
77140
77141
77144
77145
77147
77148
77149
77150
77151
77152
77153
77154
79137
80632
80633
80634
80635
80941
80944
80945
80946
80947
80948
80950
80953
80957
80958
80959
80962
80963
80964
80965
80966
80967
80968
81001
81003
81004
81005
81006
81007
81008
82728
83274
83275
83278
83279
83285
83286
83296
83303
83304
83305
83506
83625
83679
83853
83854
83856
84114
84424
85240
85511
85769
85791
88750
88752
88753
88754
88755
88756
88757
88758
88759
88760
88761
88762
88763
88764
89530
90777
90778
90779
90780
90781
90785
90786
90787
91856
91979
91980
91983
91984
91985
91986
91987
91988
91989
91990
91991
91992
91993
91994
91995
91996
91997
91998
91999
92000
92001
92485
93204
94375
94390
94393
94395
94430
94432
94435
94437
94438
94442
94547
95411
95819
96370
96375
96376
96377
96378
96379
96380
96381
96382
96383
96384
96386
98027
98520
99504
99505
99508
99510
99677
99678
99679
99680
99681
99682
99683
99685
99688
99689
99690
99691
99692
99694
99695
99696
99697
99698
99699
99726
99757
99998
99999
100000
