1
4
32
267
268
269
891
1109
1494
2109
2110
2113
2114
2115
2116
2117
2118
2119
2120
2121
2122
2146
2147
2150
2151
3230
3672
4608
5027
5255
5522
5523
5525
5526
5527
5528
5529
5530
5544
5557
5562
6143
6144
6145
6146
6391
6678
7561
7789
8162
8695
9518
9519
9520
9785
9786
9787
11160
11632
11651
11672
11733
11734
12280
12352
12379
12387
12556
12557
12558
12837
13485
15033
15038
15039
15040
15041
15043
15044
15433
15662
15720
15869
15870
15871
15873
15875
15876
15877
17206
17371
17437
17790
18119
18204
18205
18206
18546
18685
19230
19231
19232
19233
19234
19235
19236
19247
19248
19251
19280
20561
20977
22166
22234
22235
22236
22237
22238
22239
22240
22241
22242
22243
22244
22245
22249
22250
22281
22869
23002
23771
23773
23929
23930
24089
24647
24648
24654
24655
24657
24658
24659
24660
24661
24663
24666
24670
24859
25939
27166
27167
27169
27170
27171
27172
27530
28037
29104
29105
29106
29107
29108
29109
29110
29111
29112
29171
29172
29173
29174
30543
30580
30722
31588
31589
31592
31593
31594
31595
31596
31602
31611
31615
31616
31617
31618
31620
31623
31624
31625
31626
31627
32817
33050
33472
33613
33654
33655
33659
33662
33663
33664
33665
33666
33667
33668
33669
33670
33673
34432
34745
34853
35183
35675
36173
36174
37120
37121
37122
37973
38007
38174
38691
38692
38693
38694
38695
38696
38697
38698
38699
38700
38701
39688
40331
40417
40429
40430
40431
40578
40579
40580
40581
40582
40583
40584
40585
40586
40587
40588
40589
40606
40607
40608
41047
41468
41735
41736
41737
41740
41743
41745
41748
41749
41845
41905
41932
42016
42017
42298
42701
42838
42961
42962
42963
42973
44061
44449
44450
44451
44452
44453
44454
44455
44457
44743
44826
45444
45445
45446
45447
45448
45449
45450
45451
45986
46048
46049
46050
46051
46052
46053
46054
46055
46056
46057
46060
46299
46661
46686
46740
47236
47237
47238
47239
47240
47241
47242
47243
47244
47245
47246
47247
47248
47250
47251
47252
47253
47254
47255
47256
47257
47258
47259
47260
47261
47262
47263
47264
47265
47266
47267
47268
47269
47320
47754
47960
48228
48230
48231
48232
48233
48234
48235
48236
49036
49280
49772
49773
49774
49775
49776
49848
49849
49850
49851
49852
49853
49854
49855
49856
49857
49869
49885
49999
50000
