6
42
155
320
321
322
323
2246
2696
2697
2698
2699
2700
2701
2702
2703
2704
2705
2706
2708
2709
2710
2712
2713
2714
2715
2716
7101
9007
11170
14975
14976
14977
21085
21086
21087
21089
21102
21134
21135
21136
21137
21138
21139
21140
21141
21142
21143
21144
21145
21146
21147
21148
21149
21156
21157
21186
21187
21188
21194
21195
21204
21205
21206
21207
21208
21209
21210
21213
21214
21215
21216
21217
21218
21219
21220
21222
21223
21224
21225
21226
21227
21228
21229
21230
21231
21232
21233
21234
21235
21236
21237
21238
21239
21240
21241
21242
21243
21244
21245
21246
21249
21250
21251
21252
21253
21254
21255
21256
21257
21509
21519
21520
21521
21522
21523
21524
21525
21527
21528
21559
21561
21565
24043
24281
26885
28399
32337
34804
36015
36726
36727
36953
38311
39122
39282
48093
48414
50174
50430
52454
55064
55123
55124
55125
55126
55127
55128
55129
55130
55131
55132
55133
55163
55164
55167
55169
55174
55175
55176
55177
55178
55179
55180
55181
55182
55183
55184
55185
55187
55213
55214
55215
55216
55217
55218
55219
55220
55524
57531
61420
61421
61422
61423
61424
61425
61426
61427
61429
61430
61431
61432
61433
61435
61437
61438
61441
61442
61443
63851
66283
66682
68219
70134
75432
77679
77787
82831
84132
85868
86658
86659
91468
94807
94874
94875
94887
94888
97491
97492
97493
97494
97497
97498
97499
97500
97502
97503
97504
97505
97506
97508
97509
97510
97511
97512
97513
97514
97515
97516
97517
97518
97519
97520
97521
99095
102508
111143
113685
115840
115841
115842
116039
116252
116253
116254
116255
116256
116257
116258
116871
116872
116873
116874
116875
116876
116877
116880
116881
121501
123004
123271
123357
125043
125044
125045
125046
125047
125048
125052
125055
125057
125059
125067
125068
125069
125070
125071
125072
127843
128232
132673
134314
134368
137361
139084
141934
143453
149666
149667
149724
149725
149726
149727
149728
149729
149730
149731
149732
149733
149734
149735
149736
149737
149738
149739
149740
149741
149742
149743
149744
149745
149746
149747
149748
149749
149770
149773
149774
149776
149777
149779
149782
149789
149790
153628
153631
153632
153633
153634
153635
153636
153637
153638
153639
155906
156494
157999
158005
158006
158025
158026
158032
158046
158047
158048
158049
158050
158051
158052
158053
158054
158055
158056
158057
158058
158059
158060
158061
158063
158064
158066
158067
158068
158069
158070
158071
158072
158073
158074
158075
158076
158077
158078
158079
158615
159101
160861
170135
171270
172324
172927
172928
173573
177090
180333
181208
181210
181211
181212
181213
181214
181215
181216
181217
181218
181219
181220
181221
181222
181223
181224
181225
181226
181227
181228
181229
184364
184607
185984
185986
187121
188799
191430
191431
191432
191433
191434
191435
191436
191437
191438
191441
191442
191443
191445
191448
191449
191451
191452
191453
191455
191456
191457
191458
191459
191460
191461
191462
191463
191464
191465
191466
191467
191468
191469
191470
191471
191472
191473
191474
191475
191476
191477
191478
191479
191480
191481
191482
191483
191484
191485
191486
191487
191488
191489
191490
191491
191492
191493
191495
191499
191638
191639
191641
191642
191643
191644
191645
191646
191680
191969
197644
204689
208815
215795
220647
221348
221349
221350
221394
221398
221399
221400
221401
221402
221403
221404
221405
221406
221407
221408
221409
221410
221411
221412
221413
221414
221415
221416
221417
221419
221420
221421
221422
221424
221425
221428
221429
221430
221431
221432
221433
221434
221435
221436
221440
221441
221442
221443
221446
221447
221448
221449
221450
221451
221452
221457
221458
221459
221460
221461
221464
221465
221466
221467
221468
221469
221470
221471
221472
221473
221474
221475
221476
221477
221478
221480
221484
221502
221529
221541
221884
222648
223751
227865
227867
228073
229034
230873
233268
234377
236870
236871
236872
236873
236874
236890
236894
236895
238457
238458
238459
238460
238461
238462
238463
238464
238465
238467
238468
238469
238471
239201
239776
240058
240059
240060
240061
240062
243361
245611
245612
245671
245676
245683
245684
245718
245727
245728
245729
245730
245731
245732
245733
245734
245735
245736
245737
245738
245739
245740
245750
245774
245798
245799
245809
246772
247736
249440
251258
251884
252860
252861
255306
256015
256893
258420
259828
260954
263395
264971
268542
270651
270652
270653
270654
270655
270656
270657
270662
270663
270664
270665
270666
270667
270668
270669
270675
270676
270698
270700
270701
270702
270703
270704
270705
270706
270710
270740
270746
270747
271054
272611
273969
274312
276134
276454
278555
279367
280432
281438
281574
281584
282921
283007
283154
288291
290047
290048
290049
290050
290051
290052
290053
290054
290055
290056
290057
290058
290059
290078
290079
290080
290081
290082
290083
290084
290085
290086
290087
290088
290089
290090
290091
290092
290093
290094
290095
290096
290097
290098
290099
290100
290101
290102
290104
290105
290106
290112
290121
290122
290123
290127
290128
290129
290130
290131
290143
290144
290145
290146
290147
290751
290752
290753
290754
290755
290756
290757
290758
290759
290760
290761
290762
290763
290764
290765
290766
290767
290768
290769
290770
290771
290772
290773
290774
290775
290776
290777
290778
290779
290780
290781
290782
290783
290784
291246
294838
297181
301932
302822
304411
304780
304781
306172
308086
309270
309720
314780
314782
314783
314785
314831
314848
314849
314850
314851
314853
314854
314855
314856
314857
314858
314859
314860
314861
314862
314863
314866
314867
314868
314869
314870
314955
315063
315100
315113
315119
315120
315121
315124
315125
315126
315127
315128
315130
315131
315132
315133
315134
315135
315136
315137
315138
315139
315140
315142
315165
315203
315204
315205
315206
315226
315234
315236
315241
315242
315243
315244
315245
315246
315247
315248
315660
320400
324584
325710
327148
327265
329446
329447
331666
333667
334651
335076
335501
335505
335517
335554
335555
335585
335588
335589
335590
335591
335592
335611
335612
335613
335614
335615
335616
335617
335618
335619
335620
335621
335622
335623
335624
335625
335627
335628
335629
335630
335631
335632
335633
335635
335636
335637
335640
335644
335645
335646
335654
335674
335683
335698
337809
338116
339152
343300
346394
347470
348401
350647
350795
355468
355741
356743
356809
360672
360673
360674
360675
360676
360677
360678
360820
368321
369970
369971
369972
369973
369974
369975
369976
369977
369983
369984
370007
370604
372718
374470
378506
378843
380520
384559
385396
385547
385548
385645
385646
385647
385648
385649
385650
385673
385675
385677
385678
385679
385680
385681
385682
385683
385684
385685
385686
385687
385688
385691
385692
385693
385694
385695
385696
385697
385698
385699
385700
385701
385706
385707
385708
385709
385710
385711
385725
385726
385727
385728
385729
385730
385731
385734
385739
385740
385741
385742
385743
385746
385747
385752
385753
385755
385756
385757
385758
385759
385760
385761
385762
385764
385765
385766
385767
385768
385769
385770
385771
385772
385774
385776
385777
385778
385782
386601
386738
388727
390450
395688
396146
397746
400875
402347
403038
403166
403167
403168
403169
403170
403171
403174
403175
403176
403177
403178
403179
403180
404577
404578
404726
404727
404728
404729
404730
404731
404732
404733
404734
404735
404736
404737
404738
404739
404740
404747
404753
404754
404755
404768
404769
404772
404788
404789
404790
404795
404796
404799
404800
404816
404817
404818
404819
404820
404821
404822
404823
404824
404825
404828
404831
404832
404833
404834
404835
404836
404837
404838
404839
404840
404841
404842
404843
404844
405011
405012
405013
405020
405021
405022
405023
405024
405025
405026
405027
405028
405029
405030
405031
405032
405033
405034
405035
405036
405037
405038
405039
405040
405045
407550
409106
409307
412644
412870
413647
416300
416373
416374
416375
416376
416377
416378
416379
416380
416381
416382
416383
416393
416394
416395
416396
416397
416398
416399
416431
416432
416433
416434
416468
416487
416520
416521
416524
416525
416526
416527
416528
416529
416530
417533
418400
418401
418404
419272
419273
419275
419276
419287
419369
420034
420497
420574
421002
422037
422124
423523
424436
426198
426205
426206
427561
428846
428847
428848
428849
428850
428959
429617
433511
433998
440886
442431
442969
443717
443753
443754
443760
443763
443766
443773
443774
443775
443776
443777
443778
443779
443780
443781
443782
443783
443784
443785
443786
443787
443788
443789
443790
443791
443792
443793
443794
443795
443796
443797
443798
443799
443800
443801
443802
443803
443804
443805
443806
443807
443808
443809
443810
443811
443812
443813
443814
443815
443816
443817
443818
443819
443821
443823
445393
445565
446749
446774
446782
447651
450771
453885
453886
453893
453894
453895
453896
453897
453898
453900
453901
453902
453923
453924
453925
453926
453929
453930
453931
453932
453933
453934
453935
453936
453937
454001
454073
456927
457036
457997
458985
459279
459888
459889
459893
459894
459895
459896
459899
459900
459901
459902
459903
459910
459914
459915
459916
459917
459918
459919
459920
459921
459922
459924
459925
459926
459927
459928
459929
459930
459931
459932
459933
459934
459935
459936
459937
459938
459939
459940
459941
459942
459943
459944
459945
459946
459947
459948
459949
459950
459951
459952
459953
459954
459955
459956
459957
459958
459959
459960
459961
459962
459963
459964
459965
459966
459967
459968
459969
459970
459971
459972
459976
459980
459981
459982
459983
459984
459985
459986
459987
459988
459989
459990
459991
459992
459993
459994
459995
459996
459997
459998
459999
460000
460001
460002
460003
460004
460493
462423
463840
466019
466020
466021
466022
466857
469968
471876
471976
472126
472173
472734
473396
476203
476959
477054
477647
478446
479024
479094
480785
481823
481832
481873
481874
481875
481877
481878
481879
481881
481882
481883
481884
481885
481886
481887
481888
481889
481890
481891
481892
481893
481894
481895
481896
481897
481898
481899
481900
481901
481902
481903
481904
481905
481906
481907
481908
481909
481910
481911
481912
481913
481914
481915
481916
481917
481918
481919
481920
481921
481930
490135
492598
492818
493662
494455
496194
497070
497521
497522
497675
497999
498382
498383
498384
498385
498386
498387
498388
498389
498390
498391
498392
498393
498394
498395
498396
498397
498398
498399
498400
498401
498402
498403
498404
498405
498406
498407
498408
498409
498410
498411
498412
498413
498414
498424
498425
498426
498438
498439
498440
498441
498442
498443
498444
498445
498446
498447
498448
498449
498450
498451
498452
498453
498470
498471
498472
498473
498474
498475
498476
498477
498478
498479
498480
498481
498482
498483
498484
498485
498486
498487
498488
498489
498490
498491
498492
498493
498494
498629
498786
498817
499242
499466
499528
499790
499956
499986
499987
499988
499989
499990
499991
499992
499993
499994
499995
499996
499997
499998
499999
500000
